(938, 176)
(298, 395)
(455, 1030)
(1248, 61)
(598, 745)
(225, 532)
(1074, 336)
(857, 276)
(718, 1222)
(19, 571)
(537, 601)
(985, 1122)
(944, 664)
(634, 1235)
(534, 619)
(896, 877)
(384, 10)
(399, 380)
(702, 557)
(796, 800)
(1062, 728)
(1055, 458)
(1118, 854)
(419, 1089)
(402, 1195)
(814, 713)
(345, 371)
(176, 896)
(935, 567)
(19, 486)
(621, 451)
(1255, 558)
(119, 911)
(1083, 720)
(1141, 237)
(588, 105)
(1006, 646)
(1236, 383)
(473, 420)
(1166, 666)
(553, 30)
(231, 274)
(112, 904)
(183, 771)
(440, 405)
(871, 1189)
(185, 731)
(796, 192)
(47, 436)
(797, 41)
(398, 411)
(129, 476)
(676, 47)
(965, 1176)
(439, 1244)
(352, 505)
(797, 452)
(1010, 1181)
(220, 993)
(181, 399)
(1106, 432)
(771, 593)
(1063, 311)
(1158, 794)
(375, 705)
(844, 510)
(172, 197)
(14, 620)
(298, 810)
(969, 592)
(1087, 70)
(475, 1169)
(613, 282)
(1014, 580)
(1049, 956)
(592, 104)
(22, 278)
(332, 1056)
(378, 37)
(1267, 844)
(260, 464)
(132, 469)
(122, 197)
(671, 25)
(833, 592)
(847, 445)
(992, 545)
(921, 1087)
(607, 768)
(306, 864)
(1067, 53)
(888, 518)
(119, 435)
(91, 975)
(454, 1034)
(845, 1131)
(470, 757)
(1204, 689)
(766, 254)
(890, 815)
(217, 680)
(579, 389)
(372, 472)
(1176, 613)
(998, 433)
(446, 1027)
(156, 1026)
(624, 327)
(475, 1203)
(121, 995)
(1007, 733)
(540, 371)
(108, 1063)
(738, 302)
(812, 635)
(886, 574)
(242, 125)
(489, 1263)
(1174, 187)
(412, 1257)
(1116, 509)
(537, 1093)
(189, 1242)
(285, 629)
(420, 78)
(854, 271)
(980, 549)
(597, 815)
(816, 619)
(664, 21)
(106, 914)
(662, 1238)
(400, 1127)
(296, 214)
(617, 939)
(219, 1119)
(1058, 1083)
(1003, 1013)
(507, 873)
(1170, 774)
(313, 892)
(1030, 282)
(32, 150)
(57, 75)
(1093, 1183)
(215, 926)
(1049, 1158)
(383, 811)
(793, 990)
(1192, 631)
(986, 1178)
(820, 634)
(956, 1205)
(1070, 907)
(722, 165)
(1097, 168)
(973, 279)
(1165, 897)
(568, 861)
(79, 1262)
(815, 790)
(1025, 1028)
(74, 349)
(22, 597)
(127, 343)
(583, 822)
(824, 827)
(87, 641)
(234, 750)
(298, 703)
(1074, 369)
(850, 801)
(357, 682)
(109, 528)
(283, 204)
(979, 1150)
(677, 1117)
(230, 43)
(202, 499)
(207, 1219)
(237, 911)
(282, 235)
(237, 486)
(917, 879)
(361, 147)
(189, 250)
(637, 601)
(1193, 334)
(786, 541)
(491, 958)
(35, 328)
(880, 628)
(531, 191)
(996, 695)
(610, 597)
(1025, 491)
(384, 1052)
(1229, 1085)
(1046, 842)
(601, 113)
(238, 935)
(1223, 620)
(1227, 567)
(1254, 311)
(866, 289)
(524, 915)
(1189, 409)
(76, 1087)
(214, 253)
(816, 715)
(663, 1124)
(287, 1123)
(41, 176)
(1168, 330)
(529, 653)
(1111, 110)
(831, 381)
(840, 601)
(1101, 602)
(258, 436)
(472, 1205)
(35, 86)
(306, 1132)
(232, 458)
(466, 30)
(466, 1236)
(930, 175)
(891, 28)
(750, 241)
(1215, 170)
(495, 495)
(128, 691)
(940, 146)
(1038, 530)
(768, 489)
(517, 871)
(530, 1263)
(1229, 87)
(1130, 610)
(338, 1102)
(935, 839)
(74, 763)
(1111, 718)
(479, 710)
(671, 41)
(1058, 560)
(855, 260)
(680, 665)
(919, 10)
(273, 716)
(572, 593)
(391, 486)
(240, 342)
(541, 1015)
(1074, 991)
(1262, 625)
(964, 726)
(861, 531)
(807, 662)
(410, 566)
(165, 196)
(300, 29)
(1231, 1129)
(1076, 64)
(56, 297)
(854, 880)
(64, 1258)
(325, 650)
(598, 271)
(388, 535)
(329, 311)
(402, 542)
(163, 978)
(581, 468)
(708, 177)
(1140, 45)
(90, 628)
(1198, 1090)
(21, 118)
(394, 767)
(984, 533)
(798, 638)
(1033, 1170)
(1196, 730)
(877, 194)
(714, 431)
(1231, 1141)
(129, 733)
(231, 530)
(132, 706)
(214, 230)
(1055, 459)
(381, 1198)
(957, 72)
(160, 1253)
(542, 589)
(394, 878)
(524, 564)
(992, 998)
(886, 1075)
(116, 271)
(975, 845)
(805, 1160)
(837, 486)
(595, 1089)
(1259, 472)
(604, 563)
(230, 793)
(1128, 501)
(788, 1197)
(1116, 685)
(730, 251)
(264, 857)
(453, 1246)
(1045, 1118)
(459, 1244)
(1251, 1119)
(796, 927)
(1010, 1169)
(902, 1173)
(1169, 1162)
(966, 65)
(13, 939)
(257, 1260)
(878, 880)
(40, 556)
(1057, 310)
(829, 799)
(499, 428)
(240, 523)
(741, 225)
(502, 1225)
(1057, 116)
(1190, 707)
(162, 275)
(1002, 1076)
(690, 957)
(1080, 644)
(989, 765)
(647, 916)
(1163, 460)
(373, 17)
(320, 776)
(496, 583)
(731, 713)
(64, 419)
(1167, 60)
(49, 733)
(400, 439)
(438, 582)
(375, 689)
(853, 749)
(604, 856)
(958, 143)
(124, 662)
(818, 140)
(988, 87)
(419, 65)
(792, 453)
(1025, 1123)
(215, 687)
(63, 50)
(398, 829)
(748, 1254)
(144, 392)
(791, 626)
(691, 1236)
(1022, 304)
(868, 908)
(228, 1267)
(491, 99)
(208, 724)
(71, 78)
(860, 579)
(67, 420)
(258, 1237)
(1067, 92)
(330, 837)
(873, 1040)
(968, 648)
(13, 1198)
(344, 730)
(670, 160)
(559, 355)
(418, 1248)
(3, 1034)
(834, 415)
(136, 967)
(1158, 980)
(473, 206)
(790, 693)
(998, 649)
(172, 752)
(1239, 696)
(426, 515)
(946, 685)
(856, 342)
(882, 1154)
(611, 126)
(406, 1205)
(818, 604)
(488, 324)
(1116, 253)
(815, 802)
(791, 241)
(1226, 459)
(850, 713)
(956, 990)
(1206, 191)
(432, 1059)
(464, 896)
(101, 400)
(236, 1071)
(92, 764)
(202, 719)
(346, 394)
(313, 924)
(641, 696)
(475, 341)
(726, 531)
(661, 1193)
(390, 78)
(563, 947)
(668, 676)
(431, 1023)
(936, 1042)
(365, 973)
(185, 586)
(914, 883)
(291, 155)
(688, 99)
(877, 401)
(728, 438)
(164, 514)
(1234, 564)
(1019, 752)
(346, 546)
(864, 1175)
(753, 1069)
(1052, 1086)
(1044, 698)
(841, 533)
(797, 924)
(432, 95)
(1251, 1122)
(355, 527)
(56, 998)
(270, 1128)
(1161, 1057)
(1101, 628)
(614, 274)
(482, 112)
(421, 502)
(682, 393)
(1136, 921)
(670, 838)
(805, 867)
(940, 699)
(581, 743)
(971, 368)
(236, 745)
(444, 896)
(712, 720)
(1195, 543)
(980, 1069)
(1164, 886)
(1269, 1157)
(914, 172)
(812, 490)
(386, 17)
(691, 100)
(227, 494)
(1026, 325)
(82, 296)
(86, 766)
(1106, 404)
(937, 854)
(891, 1094)
(634, 384)
(913, 1089)
(711, 798)
(1057, 534)
(1234, 827)
(900, 1087)
(1256, 373)
(1117, 233)
(834, 146)
(752, 917)
(665, 164)
(1255, 1263)
(215, 290)
(300, 934)
(857, 1177)
(220, 743)
(533, 1035)
(227, 348)
(379, 326)
(132, 81)
(1141, 909)
(959, 999)
(1113, 464)
(976, 422)
(549, 581)
(676, 307)
(837, 1004)
(908, 943)
(735, 1210)
(95, 575)
(400, 1207)
(1003, 923)
(725, 957)
(475, 434)
(56, 1041)
(27, 1008)
(656, 1207)
(72, 1036)
(1063, 851)
(108, 356)
(756, 491)
(35, 1188)
(380, 303)
(30, 250)
(1129, 524)
(185, 321)
(563, 829)
(420, 667)
(1054, 643)
(488, 111)
(426, 371)
(442, 107)
(515, 792)
(257, 56)
(438, 925)
(307, 345)
(1089, 747)
(453, 642)
(411, 752)
(1184, 34)
(967, 737)
(1068, 1223)
(1062, 568)
(1229, 639)
(853, 1262)
(1243, 634)
(480, 1145)
(1171, 1031)
(984, 184)
(467, 933)
(750, 553)
(1253, 261)
(270, 1188)
(1047, 819)
(111, 922)
(945, 1237)
(173, 920)
(856, 170)
(365, 467)
(584, 565)
(918, 100)
(366, 396)
(281, 584)
(19, 288)
(845, 801)
(980, 72)
(383, 208)
(1195, 633)
(543, 1059)
(333, 93)
(159, 507)
(559, 616)
(934, 882)
(1010, 595)
(594, 645)
(460, 1099)
(387, 1021)
(1087, 1232)
(681, 128)
(564, 1187)
(686, 981)
(694, 1219)
(198, 595)
(1136, 1150)
(1094, 413)
(548, 317)
(36, 1011)
(848, 869)
(165, 865)
(374, 73)
(692, 221)
(662, 1058)
(463, 273)
(594, 838)
(1110, 495)
(659, 530)
(319, 979)
(669, 866)
(1006, 64)
(852, 799)
(447, 34)
(1074, 1171)
(340, 1196)
(158, 1255)
(68, 1170)
(220, 418)
(437, 755)
(989, 307)
(325, 142)
(410, 992)
(587, 300)
(298, 1078)
(1097, 19)
(1014, 467)
(165, 478)
(774, 984)
(669, 1178)
(865, 481)
(469, 490)
(438, 1002)
(1017, 409)
(154, 210)
(849, 144)
(90, 506)
(137, 373)
(1238, 261)
(997, 538)
(870, 1266)
(1015, 549)
(919, 40)
(112, 475)
(873, 894)
(116, 306)
(49, 932)
(36, 862)
(455, 749)
(1102, 602)
(344, 796)
(207, 1217)
(301, 619)
(1144, 51)
(974, 1215)
(472, 190)
(282, 899)
(1143, 150)
(538, 1161)
(573, 382)
(1141, 303)
(604, 9)
(604, 175)
(695, 836)
(1010, 625)
(432, 376)
(268, 248)
(281, 625)
(587, 665)
(45, 80)
(856, 873)
(1247, 337)
(113, 100)
(1237, 611)
(1149, 393)
(1, 628)
(749, 839)
(16, 979)
(525, 410)
(359, 385)
(343, 369)
(288, 326)
(413, 1066)
(828, 445)
(1267, 802)
(729, 599)
(981, 437)
(99, 520)
(18, 1049)
(1256, 162)
(549, 50)
(516, 667)
(477, 425)
(297, 1137)
(380, 743)
(338, 543)
(263, 1202)
(799, 188)
(843, 177)
(658, 299)
(1157, 326)
(933, 1243)
(850, 89)
(309, 348)
(883, 1090)
(1109, 747)
(80, 526)
(1036, 775)
(89, 1097)
(1241, 911)
(236, 490)
(45, 1251)
(9, 4)
(1074, 940)
(631, 211)
(322, 566)
(169, 348)
(372, 1054)
(1035, 571)
(828, 559)
(708, 355)
(467, 361)
(473, 823)
(765, 900)
(906, 1070)
(1096, 853)
(921, 392)
(958, 144)
(974, 1036)
(81, 1143)
(747, 44)
(609, 1202)
(873, 1125)
(459, 305)
(535, 339)
(902, 251)
(400, 758)
(977, 767)
(447, 92)
(102, 905)
(525, 714)
(1193, 337)
(559, 1056)
(707, 268)
(71, 197)
(76, 267)
(924, 551)
(395, 876)
(480, 482)
(396, 859)
(438, 358)
(879, 569)
(1231, 668)
(497, 448)
(456, 450)
(359, 541)
(711, 35)
(141, 525)
(199, 558)
(669, 203)
(61, 1208)
(693, 370)
(898, 433)
(1142, 199)
(701, 1113)
(1165, 426)
(605, 578)
(307, 133)
(904, 518)
(665, 1031)
(682, 460)
(1228, 869)
(602, 432)
(176, 634)
(699, 224)
(488, 512)
(195, 654)
(303, 262)
(149, 1139)
(1267, 1134)
(638, 675)
(147, 1002)
(491, 583)
(452, 239)
(868, 1121)
(361, 117)
(1146, 426)
(512, 514)
(451, 96)
(256, 820)
(563, 441)
(1178, 1193)
(789, 700)
(488, 1182)
(770, 716)
(327, 607)
(671, 1042)
(154, 245)
(792, 855)
(568, 697)
(818, 107)
(44, 214)
(572, 671)
(267, 845)
(3, 176)
(318, 358)
(899, 1247)
(817, 537)
(481, 977)
(1021, 56)
(268, 420)
(986, 14)
(201, 325)
(398, 715)
(226, 516)
(394, 1213)
(712, 892)
(65, 649)
(1051, 595)
(592, 351)
(684, 1134)
(962, 336)
(551, 638)
(1182, 583)
(709, 275)
(1204, 184)
(755, 741)
(861, 48)
(998, 557)
(1110, 653)
(660, 1036)
(1255, 146)
(793, 64)
(213, 98)
(314, 1251)
(378, 1192)
(893, 297)
(96, 1027)
(1162, 427)
(618, 168)
(832, 882)
(710, 1139)
(605, 924)
(324, 934)
(1164, 1173)
(768, 1142)
(532, 198)
(94, 47)
(531, 723)
(748, 47)
(866, 782)
(110, 1158)
(224, 180)
(341, 893)
(1035, 354)
(398, 667)
(672, 384)
(337, 1018)
(400, 376)
(243, 1132)
(661, 173)
(1171, 320)
(1269, 1239)
(752, 495)
(558, 244)
(920, 1156)
(1161, 1049)
(335, 483)
(650, 925)
(254, 214)
(335, 1100)
(1191, 1217)
(1139, 208)
(672, 128)
(673, 389)
(567, 206)
(31, 973)
(637, 314)
(725, 1264)
(1199, 234)
(561, 1083)
(169, 703)
(653, 689)
(747, 864)
(247, 960)
(447, 339)
(863, 871)
(204, 325)
(31, 854)
(384, 885)
(1119, 915)
(334, 54)
(117, 1073)
(809, 676)
(1244, 1106)
(325, 194)
(864, 753)
(367, 91)
(506, 821)
(550, 1222)
(789, 23)
(307, 261)
(539, 961)
(427, 552)
(447, 1088)
(987, 1066)
(599, 817)
(998, 1232)
(222, 251)
(1049, 585)
(488, 1045)
(31, 197)
(433, 54)
(636, 1218)
(1260, 498)
(828, 1143)
(164, 862)
(758, 8)
(533, 682)
(1161, 400)
(339, 808)
(565, 97)
(1242, 353)
(488, 905)
(1222, 234)
(358, 908)
(871, 769)
(491, 946)
(250, 1167)
(204, 339)
(826, 647)
(767, 1128)
(1075, 444)
(448, 699)
(277, 1244)
(863, 710)
(100, 427)
(405, 343)
(52, 7)
(555, 1005)
(1035, 477)
(709, 634)
(1190, 748)
(324, 325)
(999, 150)
(325, 194)
(1247, 142)
(32, 101)
(695, 1240)
(24, 1000)
(339, 264)
(145, 498)
(1217, 824)
(269, 1238)
(724, 658)
(1126, 44)
(1090, 159)
(958, 936)
(264, 239)
(822, 1219)
(961, 440)
(1199, 566)
(263, 745)
(176, 1080)
(905, 624)
(1106, 134)
(762, 1181)
(921, 642)
(518, 409)
(631, 464)
(644, 375)
(1025, 213)
(18, 378)
(723, 414)
(578, 950)
(542, 294)
(360, 650)
(261, 276)
(55, 79)
(1097, 156)
(131, 288)
(595, 1239)
(403, 590)
(833, 30)
(23, 883)
(169, 541)
(1062, 1014)
(29, 52)
(1174, 719)
(347, 1059)
(427, 463)
(1087, 518)
(893, 892)
(84, 1134)
(919, 155)
(912, 567)
(226, 1229)
(317, 412)
(1051, 398)
(174, 137)
(1139, 802)
(261, 503)
(982, 1090)
(711, 281)
(109, 644)
(1073, 680)
(885, 1136)
(852, 486)
(364, 957)
(578, 623)
(1042, 474)
(1013, 1215)
(370, 832)
(812, 686)
(1259, 853)
(17, 1245)
(165, 222)
(1135, 96)
(547, 1160)
(381, 459)
(1223, 770)
(724, 81)
(1156, 251)
(1030, 656)
(1123, 53)
(419, 1158)
(122, 216)
(884, 8)
(388, 643)
(80, 895)
(87, 769)
(398, 220)
(765, 298)
(655, 607)
(174, 250)
(801, 336)
(147, 691)
(721, 827)
(820, 745)
(846, 1242)
(454, 86)
(971, 710)
(12, 731)
(439, 678)
(495, 886)
(790, 783)
(304, 502)
(801, 1077)
(684, 738)
(866, 1175)
(554, 1218)
(403, 771)
(1250, 1100)
(40, 236)
(980, 987)
(101, 282)
(422, 1147)
(490, 110)
(226, 779)
(489, 1156)
(386, 1120)
(612, 980)
(1036, 703)
(1239, 1058)
(1005, 1092)
(744, 464)
(873, 365)
(655, 420)
(1177, 943)
(400, 264)
(1188, 692)
(628, 605)
(616, 1015)
(246, 1269)
(310, 1067)
(837, 609)
(712, 97)
(377, 714)
(769, 238)
(37, 639)
(133, 643)
(847, 128)
(421, 384)
(828, 956)
(439, 7)
(920, 562)
(801, 927)
(1081, 790)
(295, 609)
(658, 170)
(1132, 961)
(1023, 152)
(1267, 127)
(1261, 204)
(1084, 1045)
(146, 202)
(19, 1235)
(1184, 877)
(103, 155)
(858, 348)
(894, 535)
(73, 283)
(1143, 120)
(240, 19)
(213, 1105)
(542, 555)
(753, 636)
(246, 260)
(895, 484)
(116, 613)
(623, 906)
(1198, 986)
(68, 997)
(250, 23)
(864, 1176)
(796, 411)
(575, 927)
(514, 555)
(445, 53)
(115, 469)
(775, 557)
(828, 549)
(393, 767)
(128, 1059)
(361, 141)
(816, 1196)
(785, 689)
(119, 631)
(964, 679)
(731, 20)
(834, 671)
(8, 327)
(798, 124)
(1256, 224)
(1218, 1063)
(919, 1102)
(1143, 937)
(264, 625)
(193, 578)
(1074, 542)
(951, 734)
(236, 1173)
(320, 343)
(532, 922)
(249, 203)
(891, 299)
(90, 1244)
(1141, 1022)
(1082, 1261)
(1218, 140)
(938, 1216)
(560, 448)
(996, 1148)
(295, 860)
(1151, 852)
(753, 414)
(594, 397)
(120, 929)
(162, 937)
(596, 1217)
(805, 746)
(787, 281)
(173, 871)
(683, 181)
(233, 222)
(92, 1063)
(463, 21)
(379, 1263)
(1180, 1066)
(686, 213)
(149, 300)
(830, 602)
(1105, 984)
(608, 771)
(16, 787)
(747, 1067)
(1098, 254)
(696, 639)
(694, 1095)
(688, 345)
(440, 39)
(1084, 204)
(610, 285)
(515, 347)
(984, 561)
(222, 287)
(704, 483)
(610, 567)
(379, 433)
(1175, 417)
(312, 757)
(699, 1166)
(491, 944)
(871, 884)
(440, 207)
(201, 324)
(187, 309)
(898, 247)
(541, 270)
(216, 499)
(435, 1079)
(669, 1018)
(152, 1197)
(846, 338)
(1128, 137)
(171, 19)
(51, 1249)
(130, 434)
(3, 907)
(678, 1196)
(713, 645)
(1231, 299)
(1232, 171)
(557, 748)
(847, 735)
(425, 168)
(748, 296)
(334, 865)
(106, 783)
(1131, 1202)
(971, 1205)
(106, 279)
(485, 787)
(926, 314)
(466, 1217)
(126, 707)
(229, 607)
(438, 560)
(1001, 352)
(424, 345)
(1026, 800)
(176, 190)
(145, 542)
(143, 601)
(218, 784)
(92, 728)
(683, 1056)
(326, 1187)
(867, 248)
(224, 12)
(484, 883)
(676, 1133)
(525, 819)
(139, 850)
(1104, 215)
(1047, 920)
(292, 1255)
(1167, 940)
(750, 1184)
(900, 693)
(383, 755)
(408, 310)
(356, 467)
(445, 807)
(393, 893)
(889, 1172)
(525, 296)
(233, 301)
(901, 202)
(38, 381)
(731, 513)
(836, 555)
(1171, 1228)
(566, 176)
(572, 1121)
(892, 712)
(782, 931)
(848, 370)
(205, 419)
(618, 1085)
(906, 1261)
(192, 1243)
(1032, 162)
(898, 820)
(850, 797)
(485, 37)
(800, 77)
(644, 127)
(597, 1128)
(670, 590)
(532, 1070)
(740, 105)
(1169, 498)
(499, 957)
(758, 667)
(42, 1196)
(2, 914)
(482, 228)
(1206, 1164)
(391, 409)
(342, 681)
(150, 623)
(126, 909)
(1131, 1104)
(913, 139)
(637, 582)
(629, 19)
(463, 256)
(1035, 81)
(1216, 580)
(169, 1065)
(1067, 686)
(415, 504)
(685, 83)
(206, 244)
(98, 862)
(804, 759)
(589, 142)
(851, 1121)
(753, 956)
(655, 970)
(1132, 1208)
(130, 827)
(970, 765)
(698, 707)
(1055, 527)
(935, 694)
(6, 436)
(336, 297)
(575, 539)
(1082, 1171)
(1062, 1129)
(303, 604)
(611, 669)
(273, 641)
(836, 1090)
(862, 887)
(319, 387)
(995, 968)
(1002, 286)
(1004, 870)
(1139, 339)
(605, 1092)
(719, 385)
(563, 3)
(783, 469)
(754, 17)
(1094, 131)
(738, 377)
(641, 101)
(520, 790)
(720, 303)
(344, 654)
(43, 1109)
(159, 1101)
(659, 831)
(1166, 586)
(414, 810)
(376, 1048)
(809, 279)
(771, 752)
(172, 897)
(457, 874)
(5, 894)
(74, 1111)
(371, 895)
(935, 1216)
(549, 465)
(108, 1253)
(720, 852)
(842, 517)
(614, 36)
(195, 748)
(1165, 1220)
(343, 27)
(381, 686)
(887, 677)
(209, 538)
(531, 618)
(131, 1033)
(760, 436)
(647, 181)
(49, 83)
(1150, 422)
(507, 542)
(362, 219)
(756, 200)
(571, 1052)
(613, 549)
(699, 791)
(919, 248)
(217, 117)
(660, 472)
(827, 776)
(27, 390)
(1209, 448)
(82, 787)
(975, 491)
(759, 841)
(774, 322)
(907, 719)
(144, 933)
(720, 214)
(273, 793)
(1175, 537)
(212, 1097)
(212, 533)
(706, 835)
(938, 1064)
(505, 1028)
(537, 511)
(1062, 1062)
(902, 866)
(1057, 371)
(84, 170)
(1207, 578)
(51, 502)
(753, 1084)
(67, 272)
(805, 1061)
(726, 1252)
(27, 902)
(873, 157)
(881, 109)
(1127, 30)
(401, 529)
(1095, 1056)
(636, 164)
(136, 826)
(1110, 835)
(889, 355)
(1215, 1067)
(735, 289)
(889, 304)
(1162, 951)
(539, 696)
(341, 282)
(733, 1222)
(815, 1035)
(646, 797)
(977, 821)
(251, 224)
(639, 851)
(382, 190)
(99, 308)
(66, 961)
(198, 849)
(792, 438)
(19, 903)
(456, 443)
(259, 166)
(296, 1084)
(581, 723)
(755, 1089)
(222, 738)
(91, 926)
(467, 688)
(638, 1000)
(1120, 336)
(1226, 227)
(1167, 1186)
(5, 386)
(154, 772)
(317, 99)
(783, 529)
(224, 47)
(763, 1100)
(193, 2)
(1119, 514)
(592, 695)
(574, 787)
(91, 1142)
(997, 846)
(349, 746)
(66, 50)
(332, 1102)
(1106, 7)
(574, 1161)
(1176, 650)
(1088, 1151)
(1166, 997)
(250, 632)
(451, 303)
(239, 969)
(1143, 476)
(187, 674)
(167, 51)
(827, 247)
(1217, 953)
(996, 840)
(859, 70)
(158, 441)
(1127, 923)
(845, 353)
(668, 465)
(286, 150)
(310, 690)
(807, 1013)
(344, 280)
(916, 519)
(220, 600)
(540, 465)
(47, 552)
(935, 711)
(979, 1225)
(73, 199)
(1124, 976)
(437, 159)
(1091, 422)
(808, 60)
(807, 1031)
(606, 223)
(810, 821)
(1070, 1212)
(434, 26)
(549, 1240)
(395, 16)
(472, 529)
(913, 1013)
(891, 1191)
(42, 1050)
(87, 64)
(880, 951)
(289, 592)
(983, 124)
(319, 321)
(1217, 768)
(454, 208)
(340, 669)
(774, 759)
(344, 882)
(242, 743)
(506, 116)
(782, 1203)
(5, 683)
(1088, 594)
(298, 489)
(844, 236)
(526, 583)
(245, 66)
(1059, 107)
(633, 554)
(1214, 488)
(476, 1158)
(8, 263)
(1115, 193)
(524, 1156)
(894, 1214)
(248, 1144)
(424, 866)
(410, 324)
(564, 44)
(837, 59)
(472, 439)
(1031, 1129)
(628, 822)
(529, 618)
(603, 32)
(512, 1076)
(85, 465)
(535, 207)
(182, 867)
(707, 424)
(66, 919)
(641, 627)
(530, 321)
(4, 609)
(524, 369)
(541, 1243)
(846, 667)
(1259, 231)
(149, 1260)
(801, 893)
(170, 877)
(599, 798)
(1154, 348)
(1081, 67)
(26, 624)
(1130, 834)
(1058, 247)
(211, 715)
(798, 642)
(756, 1195)
(1215, 1120)
(821, 995)
(937, 1174)
(562, 922)
(856, 1228)
(1207, 628)
(759, 313)
(161, 1140)
(967, 1221)
(467, 461)
(244, 970)
(321, 339)
(811, 409)
(576, 338)
(911, 420)
(976, 512)
(1174, 262)
(681, 1244)
(364, 1192)
(640, 412)
(409, 1037)
(512, 288)
(121, 1054)
(788, 90)
(490, 517)
(40, 618)
(477, 807)
(539, 704)
(127, 121)
(1080, 854)
(254, 184)
(472, 719)
(1240, 204)
(519, 504)
(544, 482)
(1039, 387)
(640, 346)
(613, 769)
(1072, 53)
(16, 1116)
(771, 749)
(790, 724)
(732, 343)
(634, 360)
(727, 425)
(227, 133)
(659, 89)
(1023, 1268)
(257, 552)
(583, 1173)
(193, 883)
(739, 1115)
(213, 878)
(492, 283)
(53, 405)
(904, 1093)
(671, 875)
(561, 1105)
(459, 86)
(1189, 988)
(381, 309)
(589, 143)
(749, 1197)
(1261, 136)
(1181, 1186)
(853, 110)
(576, 329)
(507, 1268)
(150, 843)
(612, 898)
(1098, 419)
(736, 818)
(634, 160)
(598, 427)
(943, 675)
(703, 754)
(1079, 1270)
(909, 51)
(1194, 322)
(856, 134)
(336, 549)
(437, 1043)
(98, 250)
(422, 766)
(249, 822)
(1153, 982)
(350, 877)
(4, 1133)
(749, 1037)
(443, 610)
(837, 652)
(195, 100)
(537, 927)
(112, 12)
(769, 112)
(1198, 449)
(647, 409)
(538, 927)
(203, 1223)
(358, 478)
(212, 868)
(953, 454)
(43, 745)
(1165, 279)
(396, 770)
(1036, 509)
(655, 1056)
(561, 29)
(136, 139)
(157, 943)
(1202, 709)
(140, 378)
(965, 1005)
(476, 827)
(355, 273)
(1146, 1040)
(118, 1239)
(380, 823)
(879, 990)
(1158, 69)
(351, 94)
(860, 1026)
(483, 334)
(621, 907)
(499, 258)
(162, 615)
(1113, 73)
(145, 969)
(312, 477)
(45, 606)
(527, 537)
(815, 997)
(646, 1241)
(755, 622)
(615, 418)
(1109, 686)
(1068, 951)
(216, 470)
(135, 858)
(152, 205)
(162, 673)
(876, 657)
(61, 547)
(631, 1070)
(253, 1130)
(629, 1014)
(822, 544)
(720, 94)
(863, 86)
(649, 1133)
(1182, 157)
(798, 1118)
(248, 754)
(1262, 72)
(677, 662)
(1060, 1029)
(696, 64)
(142, 1118)
(544, 1065)
(263, 742)
(657, 337)
(638, 160)
(284, 657)
(914, 985)
(1203, 409)
(1034, 933)
(303, 432)
(122, 153)
(696, 422)
(702, 117)
(69, 255)
(907, 1045)
(480, 1248)
(84, 176)
(833, 683)
(1233, 497)
(897, 501)
(701, 750)
(217, 350)
(860, 644)
(152, 374)
(74, 627)
(435, 1267)
(53, 615)
(1237, 168)
(857, 560)
(710, 559)
(909, 1025)
(1258, 997)
(922, 1254)
(987, 598)
(358, 801)
(468, 917)
(98, 437)
(670, 820)
(1066, 1084)
(73, 1034)
(375, 705)
(241, 1225)
(668, 663)
(486, 1130)
(870, 99)
(537, 1131)
(772, 740)
(1151, 722)
(1006, 1151)
(569, 926)
(349, 136)
(996, 964)
(387, 861)
(932, 310)
(852, 68)
(455, 192)
(1180, 255)
(1073, 415)
(958, 43)
(450, 598)
(46, 1000)
(19, 691)
(360, 722)
(670, 382)
(139, 780)
(954, 733)
(222, 459)
(651, 106)
(318, 1105)
(60, 449)
(951, 87)
(1003, 1133)
(345, 1111)
(520, 872)
(920, 144)
(1185, 959)
(997, 1048)
(233, 125)
(572, 521)
(322, 599)
(20, 735)
(583, 915)
(988, 732)
(454, 617)
(47, 59)
(351, 285)
(372, 59)
(711, 400)
(181, 310)
(717, 697)
(81, 1126)
(291, 484)
(1045, 622)
(1129, 559)
(147, 863)
(524, 1241)
(42, 650)
(279, 668)
(1002, 204)
(825, 889)
(17, 591)
(516, 416)
(168, 969)
(542, 175)
(344, 482)
(250, 862)
(547, 1122)
(154, 312)
(731, 29)
(589, 691)
(951, 837)
(446, 670)
(1084, 739)
(118, 45)
(704, 884)
(1064, 1090)
(954, 675)
(406, 299)
(73, 557)
(1007, 474)
(161, 25)
(1163, 234)
(439, 415)
(1019, 942)
(598, 819)
(1220, 656)
(548, 1072)
(43, 788)
(184, 1093)
(666, 559)
(697, 999)
(444, 1145)
(1006, 1189)
(572, 311)
(762, 137)
(1051, 314)
(555, 1168)
(140, 146)
(645, 337)
(738, 387)
(722, 256)
(813, 843)
(601, 1155)
(470, 1243)
(745, 1245)
(452, 502)
(150, 1013)
(930, 1016)
(24, 830)
(1167, 401)
(1055, 26)
(178, 848)
(1186, 904)
(693, 1139)
(977, 251)
(89, 426)
(185, 969)
(1201, 328)
(36, 374)
(858, 1171)
(1188, 194)
(408, 1034)
(622, 934)
(1010, 622)
(1167, 1204)
(321, 941)
(790, 901)
(273, 1184)
(204, 306)
(661, 442)
(1148, 397)
(757, 187)
(555, 665)
(10, 785)
(1118, 6)
(927, 941)
(919, 200)
(502, 1005)
(1125, 553)
(157, 1026)
(92, 173)
(564, 1210)
(164, 720)
(1, 120)
(467, 616)
(514, 105)
(1001, 879)
(1070, 1198)
(1236, 149)
(555, 316)
(246, 1219)
(4, 703)
(225, 467)
(1160, 792)
(724, 731)
(647, 641)
(627, 576)
(1199, 448)
(342, 1078)
(691, 589)
(705, 6)
(1003, 91)
(231, 579)
(412, 29)
(937, 471)
(1163, 86)
(230, 519)
(531, 1195)
(598, 619)
(446, 881)
(576, 42)
(1263, 643)
(991, 1132)
(206, 14)
(1237, 773)
(387, 488)
(452, 936)
(678, 555)
(161, 1248)
(1106, 1084)
(1126, 817)
(250, 448)
(432, 762)
(967, 809)
(966, 1060)
(1182, 271)
(825, 201)
(60, 1125)
